1267228882 3.788664 20100227000122
1267229002 3.803904 20100227000322
1267229122 3.819144 20100227000522
1267229242 3.831336 20100227000722
1267229362 3.846576 20100227000922
1267229482 3.855720 20100227001122
1267229602 3.867912 20100227001322
1267229722 3.886200 20100227001522
1267229842 3.895344 20100227001722
1267229962 3.913632 20100227001922
1267230082 3.928872 20100227002122
1267230202 3.944112 20100227002322
1267230322 3.956304 20100227002522
1267230442 3.968496 20100227002722
1267230562 3.983736 20100227002922
1267230682 3.995928 20100227003122
1267230802 4.014216 20100227003322
1267230922 4.029456 20100227003522
1267231042 4.047744 20100227003722
1267231162 4.062984 20100227003922
1267231282 4.081272 20100227004122
1267231402 4.096512 20100227004322
1267231522 4.114800 20100227004522
1267231642 4.130040 20100227004722
1267231762 4.148328 20100227004922
1267231882 4.169664 20100227005122
1267232002 4.187952 20100227005322
1267232122 4.209288 20100227005522
1267232242 4.227576 20100227005722
1267232362 4.248912 20100227005922
1267232482 4.270248 20100227010122
1267232602 4.288536 20100227010322
1267232722 4.312920 20100227010522
1267232842 4.334256 20100227010722
1267232962 4.355592 20100227010922
1267233082 4.376928 20100227011122
1267233202 4.395216 20100227011322
1267233322 4.419600 20100227011522
1267233442 4.440936 20100227011722
1267233562 4.459224 20100227011922
1267233682 4.480560 20100227012122
1267233802 4.501896 20100227012322
1267233922 4.526280 20100227012522
1267234042 4.550664 20100227012722
1267234162 4.568952 20100227012922
1267234282 4.590288 20100227013122
1267234402 4.611624 20100227013322
1267234522 4.629912 20100227013522
1267234642 4.651248 20100227013722
1267234762 4.669536 20100227013922
1267234882 4.687824 20100227014122
1267235002 4.706112 20100227014322
1267235122 4.724400 20100227014522
1267235242 4.745736 20100227014722
1267235362 4.764024 20100227014922
1267235482 4.782312 20100227015122
1267235602 4.800600 20100227015322
1267235722 4.818888 20100227015522
1267235842 4.831080 20100227015722
1267235962 4.846320 20100227015922
1267236082 4.858512 20100227020122
1267236202 4.876800 20100227020322
1267236322 4.892040 20100227020522
1267236442 4.907280 20100227020722
1267236562 4.919472 20100227020922
1267236682 4.937760 20100227021122
1267236802 4.953000 20100227021322
1267236922 4.965192 20100227021522
1267237042 4.980432 20100227021722
1267237162 4.992624 20100227021922
1267237282 5.007864 20100227022122
1267237402 5.020056 20100227022322
1267237522 5.035296 20100227022522
1267237642 5.050536 20100227022722
1267237762 5.065776 20100227022922
1267237882 5.077968 20100227023122
1267238002 5.090160 20100227023322
1267238122 5.102352 20100227023522
1267238242 5.114544 20100227023722
1267238362 5.123688 20100227023922
1267238482 5.138928 20100227024122
1267238602 5.148072 20100227024322
1267238722 5.160264 20100227024522
1267238842 5.175504 20100227024722
1267238962 5.187696 20100227024922
1267239082 5.196840 20100227025122
1267239202 5.209032 20100227025322
1267239322 5.221224 20100227025522
1267239442 5.230368 20100227025722
1267239562 5.242560 20100227025922
1267239682 5.248656 20100227030122
1267239802 5.260848 20100227030322
1267239922 5.273040 20100227030522
1267240042 5.282184 20100227030722
1267240162 5.294376 20100227030922
1267240282 5.303520 20100227031122
1267240402 5.312664 20100227031322
1267240522 5.318760 20100227031522
1267240642 5.324856 20100227031722
1267240762 5.330952 20100227031922
1267240882 5.343144 20100227032122
1267241002 5.349240 20100227032322
1267241122 5.355336 20100227032522
1267241242 5.364480 20100227032722
1267241362 5.373624 20100227032922
1267241482 5.376672 20100227033122
1267241602 5.382768 20100227033322
1267241722 5.388864 20100227033522
1267241842 5.398008 20100227033722
1267241962 5.407152 20100227033922
1267242082 5.413248 20100227034122
1267242202 5.419344 20100227034322
1267242322 5.428488 20100227034522
1267242442 5.434584 20100227034722
1267242562 5.443728 20100227034922
1267242682 5.449824 20100227035122
1267242802 5.455920 20100227035322
1267242922 5.462016 20100227035522
1267243042 5.465064 20100227035722
1267243162 5.468112 20100227035922
1267243282 5.471160 20100227040122
1267243402 5.474208 20100227040322
1267243522 5.477256 20100227040522
1267243642 5.477256 20100227040722
1267243762 5.477256 20100227040922
1267243882 5.477256 20100227041122
1267244002 5.480304 20100227041322
1267244122 5.480304 20100227041522
1267244242 5.477256 20100227041722
1267244362 5.477256 20100227041922
1267244482 5.471160 20100227042122
1267244602 5.468112 20100227042322
1267244722 5.465064 20100227042522
1267244842 5.462016 20100227042722
1267244962 5.458968 20100227042922
1267245082 5.455920 20100227043122
1267245202 5.449824 20100227043322
1267245322 5.443728 20100227043522
1267245442 5.437632 20100227043722
1267245562 5.431536 20100227043922
1267245682 5.425440 20100227044122
1267245802 5.416296 20100227044322
1267245922 5.410200 20100227044522
1267246042 5.407152 20100227044722
1267246162 5.398008 20100227044922
1267246282 5.388864 20100227045122
1267246402 5.382768 20100227045322
1267246522 5.379720 20100227045522
1267246642 5.367528 20100227045722
1267246762 5.361432 20100227045922
1267246882 5.355336 20100227050122
1267247002 5.349240 20100227050322
1267247122 5.343144 20100227050522
1267247242 5.334000 20100227050722
1267247362 5.321808 20100227050922
1267247482 5.315712 20100227051122
1267247602 5.306568 20100227051322
1267247722 5.294376 20100227051522
1267247842 5.285232 20100227051722
1267247962 5.279136 20100227051922
1267248082 5.269992 20100227052122
1267248202 5.260848 20100227052322
1267248322 5.251704 20100227052522
1267248442 5.242560 20100227052722
1267248562 5.230368 20100227052922
1267248682 5.215128 20100227053122
1267248802 5.209032 20100227053322
1267248922 5.199888 20100227053522
1267249042 5.187696 20100227053722
1267249162 5.178552 20100227053922
1267249282 5.172456 20100227054122
1267249402 5.160264 20100227054322
1267249522 5.148072 20100227054522
1267249642 5.132832 20100227054722
1267249762 5.117592 20100227054922
1267249882 5.105400 20100227055122
1267250002 5.090160 20100227055322
1267250122 5.081016 20100227055522
1267250242 5.068824 20100227055722
1267250362 5.056632 20100227055922
1267250482 5.047488 20100227060122
1267250602 5.029200 20100227060322
1267250722 5.013960 20100227060522
1267250842 4.998720 20100227060722
1267250962 4.983480 20100227060922
1267251082 4.971288 20100227061122
1267251202 4.956048 20100227061322
1267251322 4.943856 20100227061522
1267251442 4.928616 20100227061722
1267251562 4.913376 20100227061922
1267251682 4.895088 20100227062122
1267251802 4.879848 20100227062322
1267251922 4.858512 20100227062522
1267252042 4.837176 20100227062722
1267252162 4.818888 20100227062922
1267252282 4.797552 20100227063122
1267252402 4.779264 20100227063322
1267252522 4.757928 20100227063522
1267252642 4.739640 20100227063722
1267252762 4.718304 20100227063922
1267252882 4.700016 20100227064122
1267253002 4.681728 20100227064322
1267253122 4.663440 20100227064522
1267253242 4.648200 20100227064722
1267253362 4.623816 20100227064922
1267253482 4.608576 20100227065122
1267253602 4.590288 20100227065322
1267253722 4.572000 20100227065522
1267253842 4.550664 20100227065722
1267253962 4.529328 20100227065922
1267254082 4.511040 20100227070122
1267254202 4.492752 20100227070322
1267254322 4.468368 20100227070522
1267254442 4.447032 20100227070722
1267254562 4.425696 20100227070922
1267254682 4.404360 20100227071122
1267254802 4.386072 20100227071322
1267254922 4.361688 20100227071522
1267255042 4.340352 20100227071722
1267255162 4.319016 20100227071922
1267255282 4.297680 20100227072122
1267255402 4.273296 20100227072322
1267255522 4.258056 20100227072522
1267255642 4.236720 20100227072722
1267255762 4.218432 20100227072922
1267255882 4.194048 20100227073122
1267256002 4.169664 20100227073322
1267256122 4.148328 20100227073522
1267256242 4.126992 20100227073722
1267256362 4.102608 20100227073922
1267256482 4.084320 20100227074122
1267256602 4.059936 20100227074322
1267256722 4.038600 20100227074522
1267256842 4.017264 20100227074722
1267256962 3.992880 20100227074922
1267257082 3.968496 20100227075122
1267257202 3.944112 20100227075322
1267257322 3.919728 20100227075522
1267257442 3.895344 20100227075722
1267257562 3.870960 20100227075922
1267257682 3.846576 20100227080122
1267257802 3.825240 20100227080322
1267257922 3.800856 20100227080522
1267258042 3.779520 20100227080722
1267258162 3.755136 20100227080922
1267258282 3.733800 20100227081122
1267258402 3.706368 20100227081322
1267258522 3.685032 20100227081522
1267258642 3.663696 20100227081722
1267258762 3.642360 20100227081922
1267258882 3.621024 20100227082122
1267259002 3.596640 20100227082322
1267259122 3.572256 20100227082522
1267259242 3.550920 20100227082722
1267259362 3.526536 20100227082922
1267259482 3.505200 20100227083122
1267259602 3.483864 20100227083322
1267259722 3.459480 20100227083522
1267259842 3.438144 20100227083722
1267259962 3.413760 20100227083922
1267260082 3.392424 20100227084122
1267260202 3.368040 20100227084322
1267260322 3.349752 20100227084522
1267260442 3.328416 20100227084722
1267260562 3.310128 20100227084922
1267260682 3.288792 20100227085122
1267260802 3.270504 20100227085322
1267260922 3.252216 20100227085522
1267261042 3.233928 20100227085722
1267261162 3.215640 20100227085922
1267261282 3.194304 20100227090122
1267261402 3.176016 20100227090322
1267261522 3.160776 20100227090522
1267261642 3.142488 20100227090722
1267261762 3.121152 20100227090922
1267261882 3.102864 20100227091122
1267262002 3.081528 20100227091322
1267262122 3.066288 20100227091522
1267262242 3.051048 20100227091722
1267262362 3.032760 20100227091922
1267262482 3.014472 20100227092122
1267262602 2.996184 20100227092322
1267262722 2.974848 20100227092522
1267262842 2.959608 20100227092722
1267262962 2.941320 20100227092922
1267263082 2.929128 20100227093122
1267263202 2.916936 20100227093322
1267263322 2.907792 20100227093522
1267263442 2.895600 20100227093722
1267263562 2.889504 20100227093922
1267263682 2.877312 20100227094122
1267263802 2.868168 20100227094322
1267263922 2.859024 20100227094522
1267264042 2.849880 20100227094722
1267264162 2.840736 20100227094922
1267264282 2.831592 20100227095122
1267264402 2.825496 20100227095322
1267264522 2.825496 20100227095522
1267264642 2.819400 20100227095722
1267264762 2.813304 20100227095922
1267264882 2.810256 20100227100122
1267265002 2.804160 20100227100322
1267265122 2.804160 20100227100522
1267265242 2.801112 20100227100722
1267265362 2.804160 20100227100922
1267265482 2.807208 20100227101122
1267265602 2.816352 20100227101322
1267265722 2.825496 20100227101522
1267265842 2.834640 20100227101722
1267265962 2.840736 20100227101922
1267266082 2.849880 20100227102122
1267266202 2.859024 20100227102322
1267266322 2.871216 20100227102522
1267266442 2.880360 20100227102722
1267266562 2.895600 20100227102922
1267266682 2.904744 20100227103122
1267266802 2.923032 20100227103322
1267266922 2.935224 20100227103522
1267267042 2.944368 20100227103722
1267267162 2.956560 20100227103922
1267267282 2.965704 20100227104122
1267267402 2.977896 20100227104322
1267267522 2.990088 20100227104522
1267267642 2.999232 20100227104722
1267267762 3.008376 20100227104922
1267267882 3.017520 20100227105122
1267268002 3.023616 20100227105322
1267268122 3.029712 20100227105522
1267268242 3.029712 20100227105722
1267268362 3.029712 20100227105922
1267268482 3.026664 20100227110122
1267268602 3.017520 20100227110322
1267268722 3.008376 20100227110522
1267268842 2.996184 20100227110722
1267268962 2.977896 20100227110922
1267269082 2.956560 20100227111122
1267269202 2.932176 20100227111322
1267269322 2.907792 20100227111522
1267269442 2.880360 20100227111722
1267269562 2.852928 20100227111922
1267269682 2.825496 20100227112122
1267269802 2.798064 20100227112322
1267269922 2.770632 20100227112522
1267270042 2.746248 20100227112722
1267270162 2.721864 20100227112922
1267270282 2.694432 20100227113122
1267270402 2.670048 20100227113322
1267270522 2.645664 20100227113522
1267270642 2.624328 20100227113722
1267270762 2.602992 20100227113922
1267270882 2.584704 20100227114122
1267271002 2.569464 20100227114322
1267271122 2.557272 20100227114522
1267271242 2.545080 20100227114722
1267271362 2.535936 20100227114922
1267271482 2.529840 20100227115122
1267271602 2.526792 20100227115322
1267271722 2.535936 20100227115522
1267271842 2.538984 20100227115722
1267271962 2.554224 20100227115922
1267272082 2.569464 20100227120122
1267272202 2.596896 20100227120322
1267272322 2.621280 20100227120522
1267272442 2.648712 20100227120722
1267272562 2.676144 20100227120922
1267272682 2.718816 20100227121122
1267272802 2.755392 20100227121322
1267272922 2.795016 20100227121522
1267273042 2.831592 20100227121722
1267273162 2.877312 20100227121922
1267273282 2.916936 20100227122122
1267273402 2.959608 20100227122322
1267273522 3.002280 20100227122522
1267273642 3.051048 20100227122722
1267273762 3.093720 20100227122922
1267273882 3.142488 20100227123122
1267274002 3.194304 20100227123322
1267274122 3.246120 20100227123522
1267274242 3.294888 20100227123722
1267274362 3.349752 20100227123922
1267274482 3.401568 20100227124122
1267274602 3.453384 20100227124322
1267274722 3.502152 20100227124522
1267274842 3.547872 20100227124722
1267274962 3.587496 20100227124922
1267275082 3.624072 20100227125122
1267275202 3.654552 20100227125322
1267275322 3.685032 20100227125522
1267275442 3.706368 20100227125722
1267275562 3.724656 20100227125922
1267275682 3.736848 20100227130122
1267275802 3.749040 20100227130322
1267275922 3.758184 20100227130522
1267276042 3.761232 20100227130722
1267276162 3.767328 20100227130922
1267276282 3.770376 20100227131122
1267276402 3.770376 20100227131322
1267276522 3.767328 20100227131522
1267276642 3.767328 20100227131722
1267276762 3.758184 20100227131922
1267276882 3.752088 20100227132122
1267277002 3.742944 20100227132322
1267277122 3.733800 20100227132522
1267277242 3.721608 20100227132722
1267277362 3.712464 20100227132922
1267277482 3.697224 20100227133122
1267277602 3.688080 20100227133322
1267277722 3.672840 20100227133522
1267277842 3.660648 20100227133722
1267277962 3.648456 20100227133922
1267278082 3.636264 20100227134122
1267278202 3.627120 20100227134322
1267278322 3.621024 20100227134522
1267278442 3.611880 20100227134722
1267278562 3.602736 20100227134922
1267278682 3.596640 20100227135122
1267278802 3.596640 20100227135322
1267278922 3.596640 20100227135522
1267279042 3.593592 20100227135722
1267279162 3.596640 20100227135922
1267279282 3.602736 20100227140122
1267279402 3.614928 20100227140322
1267279522 3.633216 20100227140522
1267279642 3.654552 20100227140722
1267279762 3.681984 20100227140922
1267279882 3.712464 20100227141122
1267280002 3.749040 20100227141322
1267280122 3.788664 20100227141522
1267280242 3.828288 20100227141722
1267280362 3.874008 20100227141922
1267280482 3.922776 20100227142122
1267280602 3.968496 20100227142322
1267280722 4.017264 20100227142522
1267280842 4.062984 20100227142722
1267280962 4.114800 20100227142922
1267281082 4.157472 20100227143122
1267281202 4.203192 20100227143322
1267281322 4.248912 20100227143522
1267281442 4.294632 20100227143722
1267281562 4.340352 20100227143922
1267281682 4.386072 20100227144122
1267281802 4.434840 20100227144322
1267281922 4.480560 20100227144522
1267282042 4.523232 20100227144722
1267282162 4.565904 20100227144922
1267282282 4.599432 20100227145122
1267282402 4.632960 20100227145322
1267282522 4.663440 20100227145522
1267282642 4.690872 20100227145722
1267282762 4.715256 20100227145922
1267282882 4.739640 20100227150122
1267283002 4.754880 20100227150322
1267283122 4.764024 20100227150522
1267283242 4.773168 20100227150722
1267283362 4.779264 20100227150922
1267283482 4.785360 20100227151122
1267283602 4.788408 20100227151322
1267283722 4.791456 20100227151522
1267283842 4.797552 20100227151722
1267283962 4.800600 20100227151922
1267284082 4.800600 20100227152122
1267284202 4.797552 20100227152322
1267284322 4.788408 20100227152522
1267284442 4.779264 20100227152722
1267284562 4.770120 20100227152922
1267284682 4.757928 20100227153122
1267284802 4.742688 20100227153322
1267284922 4.733544 20100227153522
1267285042 4.721352 20100227153722
1267285162 4.709160 20100227153922
1267285282 4.696968 20100227154122
1267285402 4.687824 20100227154322
1267285522 4.684776 20100227154522
1267285642 4.678680 20100227154722
1267285762 4.678680 20100227154922
1267285882 4.684776 20100227155122
1267286002 4.690872 20100227155322
1267286122 4.703064 20100227155522
1267286242 4.712208 20100227155722
1267286362 4.727448 20100227155922
1267286482 4.745736 20100227160122
1267286602 4.757928 20100227160322
1267286722 4.779264 20100227160522
1267286842 4.791456 20100227160722
1267286962 4.806696 20100227160922
1267287082 4.824984 20100227161122
1267287202 4.843272 20100227161322
1267287322 4.852416 20100227161522
1267287442 4.867656 20100227161722
1267287562 4.882896 20100227161922
1267287682 4.904232 20100227162122
1267287802 4.916424 20100227162322
1267287922 4.931664 20100227162522
1267288042 4.946904 20100227162722
1267288162 4.962144 20100227162922
1267288282 4.974336 20100227163122
1267288402 4.983480 20100227163322
1267288522 4.992624 20100227163522
1267288642 5.004816 20100227163722
1267288762 5.010912 20100227163922
1267288882 5.020056 20100227164122
1267289002 5.029200 20100227164322
1267289122 5.032248 20100227164522
1267289242 5.032248 20100227164722
1267289362 5.032248 20100227164922
1267289482 5.026152 20100227165122
1267289602 5.020056 20100227165322
1267289722 5.017008 20100227165522
1267289842 5.007864 20100227165722
1267289962 4.995672 20100227165922
1267290082 4.989576 20100227170122
1267290202 4.983480 20100227170322
1267290322 4.971288 20100227170522
1267290442 4.956048 20100227170722
1267290562 4.943856 20100227170922
1267290682 4.925568 20100227171122
1267290802 4.907280 20100227171322
1267290922 4.885944 20100227171522
1267291042 4.870704 20100227171722
1267291162 4.855464 20100227171922
1267291282 4.843272 20100227172122
1267291402 4.821936 20100227172322
1267291522 4.806696 20100227172522
1267291642 4.788408 20100227172722
1267291762 4.770120 20100227172922
1267291882 4.751832 20100227173122
1267292002 4.736592 20100227173322
1267292122 4.715256 20100227173522
1267292242 4.706112 20100227173722
1267292362 4.690872 20100227173922
1267292482 4.681728 20100227174122
1267292602 4.666488 20100227174322
1267292722 4.654296 20100227174522
1267292842 4.645152 20100227174722
1267292962 4.636008 20100227174922
1267293082 4.623816 20100227175122
1267293202 4.620768 20100227175322
1267293322 4.623816 20100227175522
1267293442 4.629912 20100227175722
1267293562 4.632960 20100227175922
1267293682 4.642104 20100227180122
1267293802 4.645152 20100227180322
1267293922 4.651248 20100227180522
1267294042 4.651248 20100227180722
1267294162 4.651248 20100227180922
1267294282 4.648200 20100227181122
1267294402 4.645152 20100227181322
1267294522 4.645152 20100227181522
1267294642 4.639056 20100227181722
1267294762 4.629912 20100227181922
1267294882 4.620768 20100227182122
1267295002 4.611624 20100227182322
1267295122 4.599432 20100227182522
1267295242 4.590288 20100227182722
1267295362 4.584192 20100227182922
1267295482 4.581144 20100227183122
1267295602 4.578096 20100227183322
1267295722 4.578096 20100227183522
1267295842 4.584192 20100227183722
1267295962 4.587240 20100227183922
1267296082 4.596384 20100227184122
1267296202 4.605528 20100227184322
1267296322 4.620768 20100227184522
1267296442 4.632960 20100227184722
1267296562 4.645152 20100227184922
1267296682 4.654296 20100227185122
1267296802 4.657344 20100227185322
1267296922 4.663440 20100227185522
1267297042 4.657344 20100227185722
1267297162 4.651248 20100227185922
1267297282 4.642104 20100227190122
1267297402 4.626864 20100227190322
1267297522 4.605528 20100227190522
1267297642 4.584192 20100227190722
1267297762 4.559808 20100227190922
1267297882 4.532376 20100227191122
1267298002 4.507992 20100227191322
1267298122 4.477512 20100227191522
1267298242 4.447032 20100227191722
1267298362 4.413504 20100227191922
1267298482 4.386072 20100227192122
1267298602 4.361688 20100227192322
1267298722 4.334256 20100227192522
1267298842 4.309872 20100227192722
1267298962 4.282440 20100227192922
1267299082 4.255008 20100227193122
1267299202 4.221480 20100227193322
1267299322 4.184904 20100227193522
1267299442 4.151376 20100227193722
1267299562 4.117848 20100227193922
1267299682 4.078224 20100227194122
1267299802 4.047744 20100227194322
1267299922 4.017264 20100227194522
1267300042 3.983736 20100227194722
1267300162 3.950208 20100227194922
1267300282 3.919728 20100227195122
1267300402 3.883152 20100227195322
1267300522 3.849624 20100227195522
1267300642 3.816096 20100227195722
1267300762 3.791712 20100227195922
1267300882 3.764280 20100227200122
1267301002 3.739896 20100227200322
1267301122 3.718560 20100227200522
1267301242 3.700272 20100227200722
1267301362 3.685032 20100227200922
1267301482 3.663696 20100227201122
1267301602 3.648456 20100227201322
1267301722 3.636264 20100227201522
1267301842 3.621024 20100227201722
1267301962 3.608832 20100227201922
1267302082 3.599688 20100227202122
1267302202 3.590544 20100227202322
1267302322 3.581400 20100227202522
1267302442 3.578352 20100227202722
1267302562 3.575304 20100227202922
1267302682 3.572256 20100227203122
1267302802 3.569208 20100227203322
1267302922 3.569208 20100227203522
1267303042 3.569208 20100227203722
1267303162 3.566160 20100227203922
1267303282 3.563112 20100227204122
1267303402 3.560064 20100227204322
1267303522 3.560064 20100227204522
1267303642 3.557016 20100227204722
1267303762 3.553968 20100227204922
1267303882 3.544824 20100227205122
1267304002 3.538728 20100227205322
1267304122 3.535680 20100227205522
1267304242 3.529584 20100227205722
1267304362 3.523488 20100227205922
1267304482 3.511296 20100227210122
1267304602 3.499104 20100227210322
1267304722 3.489960 20100227210522
1267304842 3.477768 20100227210722
1267304962 3.465576 20100227210922
1267305082 3.456432 20100227211122
1267305202 3.441192 20100227211322
1267305322 3.429000 20100227211522
1267305442 3.413760 20100227211722
1267305562 3.398520 20100227211922
1267305682 3.383280 20100227212122
1267305802 3.371088 20100227212322
1267305922 3.364992 20100227212522
1267306042 3.355848 20100227212722
1267306162 3.340608 20100227212922
1267306282 3.328416 20100227213122
1267306402 3.313176 20100227213322
1267306522 3.297936 20100227213522
1267306642 3.279648 20100227213722
1267306762 3.255264 20100227213922
1267306882 3.233928 20100227214122
1267307002 3.209544 20100227214322
1267307122 3.182112 20100227214522
1267307242 3.154680 20100227214722
1267307362 3.127248 20100227214922
1267307482 3.102864 20100227215122
1267307602 3.072384 20100227215322
1267307722 3.051048 20100227215522
1267307842 3.026664 20100227215722
1267307962 3.002280 20100227215922
1267308082 2.977896 20100227220122
1267308202 2.962656 20100227220322
1267308322 2.947416 20100227220522
1267308442 2.932176 20100227220722
1267308562 2.919984 20100227220922
1267308682 2.904744 20100227221122
1267308802 2.889504 20100227221322
1267308922 2.874264 20100227221522
1267309042 2.862072 20100227221722
1267309162 2.849880 20100227221922
1267309282 2.837688 20100227222122
1267309402 2.828544 20100227222322
1267309522 2.813304 20100227222522
1267309642 2.804160 20100227222722
1267309762 2.798064 20100227222922
1267309882 2.788920 20100227223122
1267310002 2.782824 20100227223322
1267310122 2.782824 20100227223522
1267310242 2.776728 20100227223722
1267310362 2.779776 20100227223922
1267310482 2.785872 20100227224122
1267310602 2.791968 20100227224322
1267310722 2.798064 20100227224522
1267310842 2.807208 20100227224722
1267310962 2.816352 20100227224922
1267311082 2.825496 20100227225122
1267311202 2.837688 20100227225322
1267311322 2.852928 20100227225522
1267311442 2.865120 20100227225722
1267311562 2.880360 20100227225922
1267311682 2.895600 20100227230122
1267311802 2.904744 20100227230322
1267311922 2.919984 20100227230522
1267312042 2.932176 20100227230722
1267312162 2.941320 20100227230922
1267312282 2.956560 20100227231122
1267312402 2.971800 20100227231322
1267312522 2.990088 20100227231522
1267312642 3.008376 20100227231722
1267312762 3.020568 20100227231922
1267312882 3.035808 20100227232122
1267313002 3.051048 20100227232322
1267313122 3.069336 20100227232522
1267313242 3.087624 20100227232722
1267313362 3.099816 20100227232922
1267313482 3.118104 20100227233122
1267313602 3.136392 20100227233322
1267313722 3.151632 20100227233522
1267313842 3.169920 20100227233722
1267313962 3.185160 20100227233922
1267314082 3.203448 20100227234122
1267314202 3.218688 20100227234322
1267314322 3.233928 20100227234522
1267314442 3.246120 20100227234722
1267314562 3.261360 20100227234922
1267314682 3.270504 20100227235122
1267314802 3.282696 20100227235322